323
2510
16
12386
46
819
5621
47
129
30918
335
671
5256
105
169
461
34
565
375
20
567
2882
11
1164
999
23
4277
25
7056
55
213
371
12173
795
655
252
81
465
309
17422
3957
471
249
768
1675
455
3393
125
372
899
288
1307
755
219
121
63893
1837
15
2428
493
145
205
17
15577
2126
2382
411
24
211
5012
92
45
759
2114
129
69
2069
0
1627
13694
220
236
32
27
1359
376
366
3234
288
635
270
18181
2840
351
1627
38668
234
453
3994
120
2058
3528
214
1139
8702
3721
14
2468
11189
898
281
1823
910
511
4
253
546
152
3286
253
582
1199
231
245
67
102781
285
85
1791
171
36
3172
1816
3248
139282
14496
0
989
442
114
129
79
646
3113
130
82
13890
82
1875
1402
1114
387
394
4802
3458
1195
3989
2581
89
1551
765
111
243
2
137
257
5531
147
3815
528
187
1263
190
1886
155
3991
34
66
387
1809
2244
61
583
1981
118
773
370
473
519
121
269
43
45
2206
138
48
4442
341
699
127
97
279
135
157
6454
32
55
81
73
77
29
189
709
180
151
362
351
46
215
110
59
42
142
20
1858
25
123
165
980
748
866
171
1895
853
326
427
235
799
8467
195
390
2828
139
124
362
520
223
67
637
2358
56
319
3
1971
6291
294
478
193
11337
2547
1295
62
136
3119
317
8954
123
273
406
330
1542
322
340
773
5821
10
3009
1604
127
370
1
6
23103
102
385
2100
275
18
1291
692
166
27451
2313
150
890
1678
2015
43
8483
1178
239
597
5439
4585
4728
1357
1
0
4307
48
1351
2986
249
2361
3986
61
1394
125
43366
310
16848
131
1447
184
1027
125
474
87
219
987
73
1835
443
8382
737
190
163
805
0
139
177
14358
2910
3595
2220
129
1376
198
367
1303
12
256
1015
221
68
206
656
102
3041
1528
374
688
4424
0
169
198
134
3816
2070
497
39967
11905
120
1677
147
230
2507
1567
1011
98
136
55
177
124
410
530
76153
634
3570
1731
59
1011
299
818
674
96
1571
9631
119
351
286
29
30
3305
981
184
1791
241
22767
1946308
257
500
292
1502
7
159
180
145
1850
416
146
42
100595
724
115
1423
1200
52111
507
1178
3
693
20571
4051
571
130
7018
9542
1051
206
210
258
1322
268
79
90
347
117
15195
40
3365
578
2731
580
30
640
64
73369
879
132
1977
1485
215
28
107
1607
292
3729
64
568
99
23
288
485
1579
364
140
18
1228
11
28
1994
1783
357
411
264
178
4614
21
374
461
271
921
219866
1144
505
175
9066
1448
147496
2045
578
69
145
562
6752
4
5431
2237
1548
1995
164
3362
622
725
704
2734
3549
2313
11
183
791
66048
36575
568
3102
126966
287
581
73
113
763
1065
166
653298
3936
3309
2676
408
100
6798
233
4705
393
713
165
4186
248
99
2909
1253
6395
4532
21
268
917
373
585
180
5041
708
698
619
97
1159
923
305
832
475
8681
2962
180
112
836
14
176
1560
253
28033
61
4565
445
304
163
54
13
37
189
750
43
11006
497
192
1264
135
158
577
199
17612
2507
797
853
949
4136
1760
404
714
71
275
194
628
275
5239
1336
1260
500
3479
158
369
3911
3276
0
127
1067
622
706
659
88
232
204
133573
3324
130
113
24
354
42
143
249
1350
103
252
295
2468
151
185
266
40
54
395
777
50
3114
18
86
37
4967
20
864
2091
5457
1700
21049
479
1662
9340
1620
1563
1868
121
318
277
231
7131
288
1229
76
270
9044
4474
4053
545
523
1097
2811
503
3602
8889
15280
343
1246
1846
1277
340
397
308
953
53
136
1783
615
87204
1454
79
2733
903
3551
19
2152
94
609
11489
21716
3218
4500
263
1
150
1664
4810
1701
384
216
3272
446
2597
27
1215
409
395
1010
76
2018
367
180
549
232
105
245
74
1904
1366
1486
363
71
475
1212
2209
81
403
258
6891
207
273
5285
747
0
284
2441
646
391
499
467
68
56
27
152
595
2043
348
3263
805
5837
37134
3595
2519
2861
902
3350
110
81
781
276
39
83
265
79
3
566
1262
116
1542
110
421984
130
183
107
239
152
4496
5433
540
1409
163
382
32628
15642
1163
269
646
676
125
2240
83
540
39
193
6
162
519
416
810
391
506
684
2995
1491
127
87
136
561
518
415
112
223
1346
1616
455
2024
43
294
296
849
683
247
345
283
7
483
5901
599
195
7892
505
441
13
86
6444
117
1599
29882
190
1156
3603
298
951
16
379
4082
1429
213
2311
4289
162
188
1748
494
1572
215
2382
215847
1384
2341
5242
38
14581
10898
111
1773
219
556
1284
1406
2413
136
412
1551
178
962
250
117
340
5595
204
195
6899
564
608
403
447
48
4133
2193
14479
2215
9963
71249
8
985
37
645
212
166
30048
11415
293
738
377
2472
671
5762
358
68285
1540
546
536
345
2578
95
18802
329
924
583
1256
198
3486
871
3431
1288
107
11615
2398
444
1352
1653
9632
183
341
175
289
162
3585
599
338
2376
4869
4299
130028
5
1517
322
326
416
748
579
1015
59
494
1727
599
405
4038
719
1062
134
70592
1846
433
1500
434
61
362
428
116
292
59
87
539
976
3490
776
208
2907
187
22
1040
1133
213
52366
2359
300
1269
180
247
852
969
319
90
326
2003
1079
149
34
509
1218
4122
136
264
2623
1058
85
112
103
14138
410
285
270
2425
932
45
290
3164
528
4727
251
288
531
717
113
1019
1756
5100
252
29
42
193
3646
97
2676
715
137
50
88
84
190
116
276
1052
44
330
533
260
155
322
415
34
49
147
89
1569
480
291
364
125
11497
74170
95
17464
88
19
1473
178
328
8
40
461
115
1082
66985
150
51
7459
2677
344
448
39
33587
408
195
1986
253
207
1019
64
591
262
56
295
72
41
70
125
420
653
980
6413
125
160
3177
940
4
969
1361
112
1094
10179
2
332
1271
28
284
236
117
1941
445
1357
2107
14308
14
2087
164
1035
7248
61
951
178
2386
3165
65
955
2040
14
178857
16
492
776
19
351
208
859
1634
129
7156
204
143
163
451
462850
4045
5377
2795
1726
1006
759
3470
5394
861
13654
498
209
87
2910
78
204
358
9406
107
690
146404
4624
662
176389
2277
323014
270
672
375930
276
188
14739
207
3525
615
929
204
68
1623
2301
375
50
720
1470
59
0
1432
264
774
515
56
698
36719
3169
2785
155
4961
40
229
5494
2865
104
299
561
535
1520
171
534
936
115
10427
3126
857
34
78
123
299
82
2130176
790
123
643
166
79
5410
100
627
196
160
269
843
37
4081
1612
3062
141
145
1018
1347
1123
133
136
346
2096
270
2588
0
8183
1471
498
3914
16432
95
20
44
156
88
155
20717
381
6756
683
2202
1865
3602
1008
53
936
1259
569
28
17982
176
43
21548
1002
1814
607
57
131
95
8320
2237
1358
146
11573
4606
3799
163
4496
4179
803
140
50
250
0
3029
942
238
116
393
152
115
816
650
117
1377
150
150276
1232
9237
173
122
7848
270
38
663
170
523
74
4973
4123
302
3164
1414
524
10098
3202
10280
270
121
756
995
4008
6133
10636
56
3876
194
10567
584
43
106
343
92
548
131
1485
723
1225
1414
208
49
81
868
2552
1223
400
37
34
1817
1035
478
269
695
48
616
400
1305
1245
57
230
87
0
889
12
64
2074
8062
2235
2202
494
79667
688
129
546
185
595
59
268
638
1041
427
201
413
52
52922
186
689
746
34526
164
1584
99
1734
128
888
18
4944
144
169
110
759
163741
245
7831
425
4554
275
503
1044
50
1634
143
475
358
7027
2483
772
132
95
1296
531
504
885
140
7680
265
383
12944
129
54
33752
2401
1586
921
713
109
745
684
26984
597
98
194
6280
1161
621
197
701
2303
167
608
257
137
1636
3971
291
6827
145
33
537
3754
290
5036
222
69138
1092
156
24141
48
423
246
175
1064
9779
16
741
661
145
17564
4957
16
709
533
38
13
332
227
1604
2273
28
46
27
40
1924
90
505
1676
177
41
1627
2322
3110
21
636
299
28
1176
254
504
18
605
665
1513
264
1323
870
675
527
1563
11
505
5048
37
5
291
84
577
2468
70
18137
285
4
154
165
325
75
8895
108973
753
87
2525
33
69
50
33
124
5717
142
22669
5907
144
339
399
6782
314
155
1328
440
27
538
155
252
908
1526
21
1232
2284
198
33479
176
1024
2421
141
1571
699
3890
144
166
595
252
329
554
827
1051
940
784
804
2332
32
1763
506
5747
875
431
697
139
154
447
322
167
654
321
129
370
1431
1252
25
795
116
1051
1265
928
946
958
6157
142
177
317
56
1887
674
455
1318
15565
108
406
801
40154
867
1106
679
383
150
435
636
919
1473
77
295
514
639
76
5507
1522
474
935
967
2330
173
34
249
292
121
1236
379
2050
6177
371
155
713
351
271
13843
695
537
211
442
124
4252
120
905
759
1256
756
21386
207
53
1829
958
115
44
1840
1003
305
3479
279
235
621
1283
71
184
663
841
743
1172
3846
330
957
1952
1562
294
797
323
394
144
271
2685
2598
912
66
42
410252
140
985
393
844
37
90
351
815
232
5213
54
96
1739
92
391
396
180274
258
368
33288
355
307
185
597
25
2339
541
1281
1416
409
100786
205
402
232
1665
47
703
151
1693
558
360
890
4818
925
937
364
75
60
223
1960
13
1204
476
1431
1372
944
947
8300
689
209
10522
413
7182
671
273
82
79
53
226320
67264
5151
1131
45
2991
1280
67
1140
281
1807
153
583
770
12
891
184
1620
135
489
2792
374
484
300
1542
73
316
9228
987
448
958
113
375
51
1752
9033
1057
4019
334
85
494
6697
1036
12038
313
197
205
290
3510
3555
2032
75
2734
396
195
799
3596
772
233
27
206
655
350
10014
2
265
260
2369
10730
9366
336
274
9464
401
201
1991
1143
1846
159
467
240
103
2932
62
322
88
2215
419
253
1034
808
31020
1879
3394
206
426
163
808
106
149
203
6847
151
156
23
158
4142
406
621
69
168
1006
240
612
2564
856
438
1689
192
3626
1721
2132
44
965
1064
54
392
796
585
0
627
492
63
1154
40
486
46600
744
2428
4513
406
505
606
143
838
3272
683
29887
406
1099
15237
201
273
158
1041
6362
1468
394
460
1367
2414
50102
636
100
5381
30
111
1755
492
47
444
725
359
984
170
1878
9182
3140
223
534
1810
1744
1871
73
430673
2174
560
1055
116
955
1840
474
52
848
1708
4645
1334
550
467
184
20636
819
1508
54
124
838
6
684
8
2307
1574
473
9936
3
1242
218
1661
98
526
1150
868
284
293
104
606
9102
274
7
1781
812
871
48
787
24
415
680
883
277
385
377
13809
1155
340
32
102
385
8104
224
733
80
367
1634
450
384
1103
79
363
325
175
244
715
128
287
536
4002
219
543
10147
1956
28
1473
162
339
5534
852
1235
1784
3967
39229
224
116
340
453
141
1012
1295
8
57
79
96
25
199
107
5150
217
35
2329
115
345
0
3500
118
93693
5429
1318
547
732
110
362
81
3845
1235
6096
71
1529
44
60
88
220
539
806
28985
623
83
6803
115
217
106
1624
1228
359
2717
3007
1175
14
22
473
466
879
593
70
3188
296
84
208
596
2
1459
257
182
851
12197
1045
3364
744
841
1059
2806
191
259
42
164
607
1669
198
947
199
445
1028
4869
96
967
397
1191
894
533
301
265
1357
1092
15755
338
1412
19979
916
100
13352
4
403
264
276
1975
1824
164
626
623
0
1163
571
69461
536
117
1006
2355
85
50
2247
34455
7170
708
3637
434
2256
4956
20
129
24
94
178
82
121
943
92
796
26736
7
1029
354
1056
405
1
17
1044
27
2310
647
209
1866
48
10387
23
3108
261
299
321
107
314
0
290
5584
1012
3374
37
2693
1591
808
1013
141
191
279
79
540
77
168
47
200
225
571
97
93
199
6236
43
67
415
46
80
242
294
140
52
245
6
84
374
132
522
144
122
0
3997
241
283
141
616
528
802
363
138
0
110
60
59
35
419
511
60
52
213
270
10
220
12091
927
475
1036
59
277
2424
590
1712
374
589
917
994
445
1095
72
4444
511
267
114
8193
10187
100
247
510
1345
410
640
215
141
72739
992
156
644
915
902
1674
819
394
16932
3395
151
227
1176
5416
6888
639
58
670
231
203
445
552
69
1988
1267
8647
2740
48
61
62
384
73
11232
366
106
574
581
160
761
1251
53
167
15413
596
882
420
134
306
622
59
41
921
884
322
554
254
184
2462
3721
132
36671
2425
53
798
1344
2554
164
2516
714
107
279
130
4123
1193
8047
829
2676
818
51
500
462
125
988
531
489
2346
394
867
448
1036
208
301
363
960
1418
314
97
603
878
25
517
1304
1219
11
4
747
382
1106
37
183
142
13
81
3731
392
41
21
5334
3819
3322
1092
60
1240
2515
8907
11995
60
527
1126
191
2091
798
83
168
377
109
191
450
20
2
74
66
86
2810
1531
449
178
3080
15
3194
1755
7110
263
76
9455
458
1151
2699
10
1545
637
141
240
674
358
333
31
199
493
154
182
571
1002
2351
2203
1075
207
18
445
2771
2353
1776
309
11661
61
317
127
31
210
396
374
2803
3
86
656
344
74
3236
18
46
810
72
225
41
966
464
376
286
1054
131
1179
928
218
99
0
6558
498
710
2792
280
40984
160
455
420
173
1013
640
961
318
3405
1828
1276
160
532
525
2986
1396
38
1212
67
1031
3408
68
1186
698
6053
561
3120
1732
795
291
2242
26
605
528
1279
2896
118
36
506
0
193
1
13495
108
131
63573
249
271
1446
538
34
989
95
93
325
551
389
92
2072
393
330
491
85
3409
519
306
1168
112
332
1123
4470
290
3556
425
821
340
99003
1183
1995
328
423
4016
55
7829
244
1763
3667
1372
6768
368
4069
10193
684
430
87
9992
231
85
318
978
28
271
317
1292
669
6676
763
108
347
1607
112
135
721
5298
94696
1014
825
3640
265
11005
10334
809
59
253757
2949
1805
707
376
5
544
401
153
2951
1533
1204
387
470
132
220
48
589
566
549
410
2681
666
240
593
100
522
1507
74
1128
2197
399
119
2201
252
270
319
249
4565
782
1476
284
179
609
69
229
49806
341
2139
1012
237
475
913
747
424
13307
2655
81
438
830
64
1034
685
138
1808
1499
1044
1192
1356
717
214
88
1074
539
3854
2548
786
828
471
951
35
832
544
2385
48
1393
742
356
260
1008
175
52
1019
166
219
1014
879
214
987
77
689
261
32
194
354
139
103
1520
1582
919
211
580
767
2149
471
125
775
5158
620
269
432
125
403
795
374
320
2344
198498
207
219
1011
57
93
1764
12
42
105
10335
158
1092
224
4715
138
10
51
117
843
810
134
43
3027
1150
325
137
1831
487
1273
29
324
480
1623
223
725
53
507
594
31733
469
251
2301
273
1597
372032
3011
138
502
4
31
117
110
64
283
28
105
58
18
142
401
29
3017
161
4696
379
883
241
5997
213
143
263
140
241
438
507
49
1003
1364
90
3059
1017
334
163
2483
2068
88
6882
6836
343
34
363
593
510
1797
1774
1137
1011
154
52
1337
124
3816
320
550
66
155
18
8006
1495
165
571
1376
7196
397
771
1930
66
300
38
545
376
289
12
245
155
997
1533
243
1072
106
466
818
1155
1699
286
61
2602
325
6403
12774
175
192
201
435
190
201
12347
1139
163
1000
1122
1187
239
3986
1528
109
2951702
257
2350
108
189
54
302
735
401
3479
141
191
384
1575
12051
907
575
910
46
45
104
350
2632
320
314
2350
3879
74
90
132
153
70
161
14
319
1019
153
533
176
593
894
530
83
47704
5382
214
181
1129
834
4476
146
1440
1793
6599
7188
765
338
300
78
1227
1396
588
162
269
56
32
132
463
26773
264
3
629
11068
258
1143
324
10
70
962
727
650
281
1417
193
593
204
1237
149
52
271
470
7278
73
299
73878
516
111
638033
12825
671
3817
69
913
619
11212
183
445
79
127
1210
596
935
74
263
3177
219
1000
567
2249
287
151
435
2260
190
2273
1943
9
509
3474
2757
317
84
4607
5809
5109
9018
0
1243
303
2277
3922
4663
762
1165
112
89
89
14214
392
771
7078
2273
1022
6182
2011
149
130
149
1414
2995
449
6299
928
160
1748
591
618
1402
195
436
3838
1570
125
52
1452
884
1327
4460
1222
506
126
209
1428
6966
106
2188
1594
309
28963
97
1516
816
247
1660
97
4455
258
2708
505
517
612
326
91
2350
76
1018
602
1449
445
227
1049
145
650
5637
17583
2695
303
1124
384
12339
753
430
125
1659
507
464
6087
158
188
922
20
66
219
596
2082
3197
643
2831
421
32
312
78
23624
1286
830
4857
422
228
208
650
223
781
335
2077
36
20206
888
4870
492
327
179199
487
323
1304
108
50
15575
1343
1786
903
88
2892
17722
254
61
109
245
1281
707
1257
3096
16014
22186
93
1455
2011
639
664
1914
1476
983
578
303
1
322
26267
4738
658
134
230
49
66
880
105
2241
178
1401
105
2678
431
2542
10624
111
153
2909
8708
85604
30
1433
779
150
1399
4505
116
181
1069
930
114
19475
346075
175
109567
175
2840
5032
80
10
4372
4888
61
1585
2970
443
1819
3153
865
3178
455
575
215
1500
373
24
102
11832
134
685
467
1
1682
29763
403
1185
9001
1772
79
211
1310
1550
4276
2072
116
4120
6389
94
666
2029
634
1032
110
6627
251
3195
562
74
271
449
618
209
364
1230
5343
19418
159
280
164
635
2996
2686
757
465
16
2166
49
1507
73
213
99
19
8298
431
2745
680
2370
563
5869
15838
4195
528
1051
3462
1724
157
7479
322
101
56
24732
232
6628
892020
419
86
51
634
130
778
1697
91167
113
370
2934
23
175
438
521
324
464
118
162
649
28
70
1787
926
591
131
292
1032
2121
79
3385
500
71
415
1389
339
173
950
98
142
8554
609
756
5628
0
3565
473
5880
501
1310
4270
9083
1299
350
936
640
457
2271
277
785
400
923
1945
203
824
3615
144
260
1119
447
456
321
4375
251
206
109182
568
160
250
63
228
335
7594
308
125
2067
1229
19
1492
4589
52
3788
227
1401
998
413
583
1255
1407
795
99
22597
173
307
612
21
432
5173
34
4019
14
126
8691
63
1553
298
1002
143
112
536
189
19941
1117
722
96
236
1690
100
4836
83
39
300
225
63
1813
203
447
642
59
521
567
607
294
1220
60591
1087
608
509
223
10
36
592
394
2
25
410
88
354
1149
5804
1663
562
134
5384
14172
224
192
214
933
963
7458
336
1557
109
235
273
478
1582
637
991
1676
179
901
82
619
860
8
9
47
51
1122
906
71
3700
451
31
952
142
101
5712
2687
8084
23
167
23517
374
665
11
896
1362
778
1884
262
23674
37
599
3026
18
111
114
26399
14183
10189
11474
37
230
149
125
637
958
1804
181
82
348
850
85
1783
2632
433
285
162
989
112
535
322
825
251
114
125
240
60
1054
37
2137
451
173
684
7367
951
796
567
571
3602
6216
95
35
2818
16
300
2197
790
1158
399
510
199
212
708
175
2019
220
473
506
947
168726
300
26
1342
1879
5618
926
10484
2585
2106
5925
42479
373
72
180
1757
510
406
32951
514
1040
276
110
319
203
330
47
6
187
29
100
1157
234
3402
7887
2146
19
62
485
1952
230
108
82
96
866
41
746
245
602207
8095
85
30
266
290
131
1073
42
3948
5394
678
251
508
570
164
1422
29
1286
8331
549
435
397
112
3341
778
144
434
215
101
572
422
77
283
0
19
157
113
90044
1426
380
918
5649
50
2190
2270
915
622
515
1588
1203
39
810
2130
331
59
0
859
1709
385
164
82
2031
48
301
123
7865
102
712
653
2111
155
313
2475
29
1119
194
466
7171
457
859
4146
9
1858
331
878
5879
1240
297
19204
268
116
19743
4
578
905
922
658
378
365
10155
1733
508
1021
3
11808
606
72
106
268
225
3109
5446
219
528
124
590
1
750
129
2314
94
25
7951
94
1260
1768
683
48
263
228
6211
115
283
522
249
12
147
49
241
16357
8
142
18
573
285
306
1995
95
40
112
87
20
209
131
169
235
484
1588642
53
525
259
575
1327
178
399
126
560
56
16
1301
369
66
27057
117
144
0
35
13712
159
6153
76
1103
1255
15349
72
248
291
43427
756
1363
715
1688
5828
168
1331
3
8360
948
324
220
88
19
3409
1146
276
164
489
333
3393
49
233
7590
87
752
948
1065
3257
1487
731
1073
1117
276
87
5289
3740
222
2382
51134
1014
124
1533
5670
21
11077
75
1193
1174
203
1206
253
1575
16875
2191
41133
877
5
386
989
22
2873
175
14403
149
1447
177
843
512
59
1042
208
21
1
48
468
1558
820
109
18252
5
320
32
1760
3735
932
11
95
2540
881
29
2497
6459
14174
1211
896
843
95
925
162
18
156
797
1361
565
1965
50
11
23
3815
764
580
1290
456
627
423
124
482
0
263
439
75
2849
160
629
233
807
1577
905
1064
7545
4501
236
1020
403
147
75
279
546
622
530
270
1335
491
6387
477
156
6565
30
3745
1324
58
448
471
19
1003
241
1204
264
1838
1033
526
765
37
46698
1718
158
353
1858
500
79
26
2027
1896
3206
8025
2813
444
143
22612
456
236
13
370
396
366
307
184
4186
307
42
80
2984
291
614
14327
9532
2582
124
34409
888
2038
794
54
4920
669
353
597
29193
311
787
1211
2625
108
211
8107
2472
844
853
11350
131
5384
939
161
54
31
1800
306
965
16399
528
718
410
3724
483
108
751
5223
1106
314
2420
474
77
23124
893
389
426
196
65
48087
2
936
470
1152
349
3144
286
120
561
251
2184
498
2679
969
1131
58
14
2455
13
12350
195
58
3508
1132
1598
460
3130
89
222
1095
27590
890
339
3535
835
613
2214
1271
6
76
16
16
5005
126
249
4999
137
340
384
27
173
305
47
285
2778
422
133
300
76
42
428
208
479
167
1262
177
3446
274
4037
17848
1511
1352
189
306
572
276
1338
505
3513
75
233
985
328
37
716
1045
183639
158
167
340
293
325
2247
136
1028
49
647
51
130
124
320
1346
399
145
17722
1
0
379
180
498
5945
70
153
393
704
852
4116
215
82
85
18
1500
1764
319
2778
12525
2698
9055
0
60
20
1407
1223
208
556
13203
82
108
627
172
102
403
96
6981
901
214
119
383
1061
292
1224
373
1254
108
197
130
2025
14
53
32
1132
4304
2992
1248
55
437
50
34
226
284
635
1266
1083
100
1749
912
451
482
338
376
2980
222
527
0
2581
595
714
273
1729
176
12
98
188
999
157
7410
3012
2146
49
189
781
1605
65
654
67
85
259
190
162
168
55
274
365
141848
560
37
1896
239
195
190
505
850
149
350
2094
29
567
744
1891
87
179
10394
263
830
1975
1025
6146
2551
2137
494
607
19
295
684
62
923
3239
260
622
7929
2089
267
4715
496
2963
332
712
620
4598
801
26
201
663
50
342
322
1865
307
7550
1457
461
1171
1474
873
544
90
254
555
1220
1125
2166
6582
2650
220
533
16
4135
957
6266
1887
214
3830
1154
863
10
436
77
471
31833
3262
76
1
104
2966
60
451
210
72
1577
6403
12511
959
7008
214
441
3844
181
1001
112
2178
716
7859
1034
394
40
60
2131
304
1260
244
396
1062
892
116
978
0
219
373
561
127
663
232
2243
1226
1081
1
324
6753
724
935
5566
256
495
73
70
135
21
97255
79
983
775
229
263
9511
15530
215
686
6
602
552
53
4292
983
171
933
826
117
116
41
580
35
633
104
190
541
1288
9241
1582
373
492
724
17006
159
123
226
254
165
1176
11676
683
4
386
1121
249
183
1182
1784
578
123
24331
635
239
1172
6529
263
162
4473
2635
506
57
132
3978
562
3767
219
1793
69
635
766
1091
37
791
264
3774
40
1650
2352
7266
84
10061
980
325
694
3352
938
473
414
4208
17
542
558
2811
125
2105
1
2893
1129
202
4280
575
62
189
294
411
67169
25
839
1034
262
25561
431
543
933
2336
99
175
279
131
90
322
236
1212
296
185
686
538
745
733
104
3650
28
271
140
0
111
127
1523
361
374
9
412
346
6869
2286
404
581
6479
64
748
938
2
1020
21
353
6251
240
860
468
1333
348
885
2067
82
937
587
238
350
136
793
239
1326
1321
716
404
326
585
53
201
58
719
246
951
550
51
2528
292
1484
11
19
6
912
157
811
1606
145
383
35
461
1295
182
424
676
4064
11629
526
4175
3837
15
803
980
240
6265
0
1272
181
3902
615
1598
425
13655
2513
690
476
203
238
4675
38
1137
4572
824
125
608
2888
1910
374
887
741
2496
379
97
4285
2816
122
684
260
102
386
0
1797
122
146
52
118
2392
2
2074
34
2843
72
764
175
607
402
95
939
202
1977
949
90
478
7112
484
6473
831
309
847
14751
1313
55
641
553
2886
1066
190
1141
60
178
1027
889
10033
2385666
67809
663
2874
424
952
733
572
1154
1349
973
836
1423
128
77
6552
451
258
201
26
117
1556
322
4826
433
1248
285
111
448
815
3917
285
492
2780
657
2809
17900
360
46
3171
35
42
1893
647
336
7277
179
7369
927
14
4312
876
447
46903
2554
276
721
145
172
853
334
216
171
340
533
2900
7
247
324
134
247
142
3746
1073
277
1612
1357
295
1404
2898
10
1225
1459
189
978
293
261
166
368
1302
4815
1243
6595
2015
355
960
50
3
420
480
244
4851
822
206
573
153
422
64
69
414
167
181
397
3478
736
442
34
32
1800
26
15566
111
323432
42
758
782
3202
342
1492
7859
1537
219
116
27
329
908
1647
141
86
892
1152
534
3317
3571
771
450
469
708
80
63
120
5389
114
671
16137
39
350
246
31909
79
165
79
3638
214
1382
175
191
8351
122
54
488
501
167
53
40
1019
1819
220
681
1393
4920
1625
393
152
186
766
1468
78
276
3309
12866
72
69
1912
776
616
1154
1043
155
1545
21
67
65
435
2419
2616
1281
324
52
168
275
939
5270
130
4484
129
3084
11721
6525
239
111
102172
5
179
464
112
464
15
578
545
3081
90583
2037
46954
116
448
465
14
542
12630
1837
74
13963
220
1712
2357
425
875
18
449
887
3664
134
99
450
51
542
440
1900
18
3304
125
1548
153
2602
734
227
663
391
2839
4517
548
31785
2128
58
2274
1436
9970
42989
4807
63
975
229
1522
262
4359
1939
42
437
52
19353
4003
419
285
1227
58
7392
247
47
1175
28
315
36
38128
1026
985
835
368
7601
8159
15
812
26
769
456
120
57
50
206
9482
38
968
180
1603
4161
6435
5
1551
86
461
286
166
621
26
851
139
390
71
1063
57670
431
9092
1953
42016
682
12099
929
74
7
1315
878
3
778
31
646
1909
0
1103
309
122
593
30
515
94616
15529
810
25124
206
652
114
107
3283
672
6415
1021
900
1097
126
43
256
78
495
104
259
736
582
2885
1419
3215
81
79
4397
149
1057
618
72
1652
190
256
5962
167
1790
389
59
468
3909
213
3718
3178
565
1785
4197
115
1398
914
569
560
28
12775
1116
70
1691
281
205
2715
192
4346
622
2198
2179
879
91
182
22
221
675
211
636
13040
111
1411
3549
549
241
45
1423
2425
487
2899
20219
7740
495
21053
16804
1201
2003
5365
1591
450
378
415
97
252
53
171
639
4348
75
458
611
410
1737
506
326
747
2790
4319
6663
74
153
173
4723
584
242
666
70
632
71
47
2326
654
32
325
126
2455
24
1357
743
173
611
151
135
5836
84
1919
1
3812
340
7705
585
119
253
21564
1533
721
403
200
149
1038
6670
876
1499
4096
36256
202
381
936
122
1832
337
1704
1328
159
25091
3927
326
66294
429
290
467
494
12
562
372
453
1869
387
647
3992
277
101
744
187
2567
2098
86
226
19306
186
794
965
127
60
354
377
0
2013
161
717
124
102
518
384
2496
1406
26983
3145
1130
383
4663
3004
1707
4591
104
951
5486
1297
173
985
323
2363
110
1126
1486
97
289
2668
8932
5904
1883
6988
62
3693
42
158
887
401
737253
92
725548
492
1499
1873
10920
41495
564
40
951725
129
139
886
1523
2868
232282
2516
44
1057
204
85857
52
721
1007
490
773
1161
1116
162
552
800
511
218
0
615
1448
3877
7571
7307
1448
1864
1419
881
616
577
5
1920
1786
34269
179
292593
1539
3437
583
1838
167
1050
9694
1661
11264
21384
152
37
1739
288
5062
366
64
7042
221
657
221
133
1975
4433
322
4937
1715
0
438
970
579
494
52
57
2105
10149
479
6120
7794
60
73
259
5318
103
212
184
92
120
379
68
52
59
788
76
2720
545
254
6449
1
496
0
2577
5399
395
935
64
780
456
526
301
1162
65797
2690
365
52
193
147
1326
78
1272
238
33
493
7021
113
413
25
637
907
1398
124
53
185
1067
162
310
359
391
1487
2000
110
88
59
461
964
118
936
2269
1313
1617
1415
13817
91
132
92
279
1779
2859
351
443
413
763
23075
123
2440
7520
608
108
14299
5743
165
1216
3306
945
2235
5505
1122
2367
323
289
6826
1424
398
34
2428
1649
3336
277
92
2389
67
1404
682
138
477
6785
410
3243
23907
74
1461
1138
1045
358821
39
1197
127
110
399
1603
592
423
81130
6875
218
203
792
126
1250
189
84
63
624
5105
82
235
618
13572
125
2156
8372
54
360
748
838
1418
118
1282
4322
5265
429
85
478
887
35
787
444
1057
5339
237
385
115
27
256
16467
5194
10202
1751
888
1717
699
611
2973
73
620
1350
25
1788
54
2091
153
128
295
4805
2062
134
8048
116
35
162
67
84
1924
184
2011
776
317
2187
22
638
3909
3453
385
893
555
4449
1346
1359
4373
23591
1465
90
819
10423
281
40
535
184
11713
1076
706
1413
818
3625
315
329
388
952
9381
10003
2563
189
1313
1256
4228
400
359
45075
1242
68
19
1937
188
1748
305
208
221
216
425
4659
29211
49
1999
1067
47097
566
1671
1019
414
1209
569
2063
32214
85
6500
3716
39
109
202
2181
1483
375
286
359
246
115
1321
589
156
132
13933
939
15602
69
211
583
2659
3698
6519
2408
451
1959
1149
4444
173
5357
241
433
154
71
1485
38
7440
29
345
164
19965
571
1037
1895
14106
1610
162
131
15508
137
514
73
2258
171
5721
1098
150
360
131
2320
253
29
75
879
1004
802
4067
1185
142
56851
792
1654
61
150395
764
75908
440
3437
700
464
1409
110
20
3978
6312
443
3709
502
9656
50
80390
859
26206
122
977
230
353
6638
15227
163
306
307
782
51
585
1921
135
322
9265
158
124
215
676
143508
152
1049
12
1093
83
1334
470
748
662
2633
756
488
1182
117
44
158
2903
484
2658
151
517
2121
448
8325
277
1290
6195
3881
135
5929
527
875
81
3721
353
786
455
13660
961
25
118
1329
83
58
3993
736
5475
80
139
600
607
2287
73
374
56
1176
159
3481
985
70
64
254
0
1852
30358
186
15255
170
595
265
99
207610
503
346
308
379
6642
172
202
250
286
711
126
109
216
21705
4455
1643
105
93
834
548
199
2981
851
1552
392
671
14021
1037
227
333
540
242
20181
741
252
286
3191
1029
437
695
324
3488
92
600
170
291
795
573
141
178
136
360
1226
359
47
492
109
112
986
6804
3194
959
1545
130
5888
1746
120
152
71
341
200
31
656
58
305
4685
1479
203
551
688
4922
213
493
800
720
2555
684
6252
3172
142
954
7634
212
371
680
63412
11276
218
159
1391
567
348
868
1016
229
150
158460
324
6001
5122
10608
2450
135
441
3192
575
1600
451
330
1778
3601
12906
41008
37
159
3374
1080
422
335
710
159
276
1530
495
376
13430
1434
924
13010
482
960
93
83
23
1193
3312
649
0
19324
109
1018
778
1169
528
19120
23
207
120
616
130
26
534
834
403
31
628
1023
659
137
182
517
21297
7
185
0
160
759
583
423
261
908
1413
1470
450
2163
14581
136
61
2130
16
123
838
525
139
1961
682
738
118
334
1152
105
619
232
231
20
174
1391
226
84
897
974
230
46
4
2666
152
473
106
4909
577
563
108
1743
297
10
827
2414
1435
402
86
1030
311
456
147
2151
86
50
7337
108
519
760
195
607
297
1663
3022
727
270
1411
269
121
31
200
86
988
398
547
1093
512
652
1859
132
97
939
108
60
445
7341
3113
824
508
2224
50
2923
924
157
7753
3887
28172
121
92
43
394
1401
244
3767
87
15
85
8929
54
7142
5
11094
5737
900
206
161
28031
187
102
10193
1049
385
8932
343
459
245
2011
473
10
127
105
147
2649
323
8819
1386
65
105
3052
230
125
14106
135
366
19
11067
2308
4124
243
111
899
76
975
1105
204
6
919
1038
681
1430
384
12
1041
861
173
953
23
5013
241
763
450
271
4354
173
789
658
9199
1514
286
558
272
99
171
194
372
5367
2972
39
211
929
2092
79
2218
739
46
479
328
779
55674
587
367
75
6042
578
483
65202
63
397
541
54
315
43
696
963
391
210
205
431
4886
529
7734
6836
15026
149
1989
606
368
3502
72
550
2990
771
1143
474
4390
395
224
175
315
424
257
1321
104
8259
202
924
0
1192
1264
253
349
11147
39
1944
700
340
634
51
432
261
208
134
127
2739
21923
60
5743
627
461
3640
954
57
762
297
1811
0
1934
16246
258
24
224
347
49587
136
1361
1545
310
86
217
26
121
13527
132
31
383
0
558
372
43101
1412
467
709
2066
209
359
1080
1424
4394
221
1378
120
223
803
20
712
133
481
1057
35611
2755
29143
4014
28075
17529
453
3347
983
646
373
234
1599
119
990
781
247
427
1695
109
289
502
1518
682
67
5032
899
5984
782
1473
236
126
597
341
36
164
205
27312
219
304
27278
266
383
850
30645
2301
210
386
2560
473
379
823
1391
458
6098
30185
1504
1
28254
51
6781
7547
3384
41
575
13591
62
1974
571
334
1460
858
405
520
896
2194
2955
1491
431
2871
3442
867
31
32
273
234
232
1090
506
429
63934
496
2302
2254
5304
310
152
69
1194
233
0
3402
361
121
133
20
36
114
182
1123
419
2574
3787
210
36
661
584
1157
370
7071
49105
2764
59
2622
305
38
143
880
876
2668
906
1159
1130
318
390
3837
203
609
75
1925
212
4822
810
711
695
2667
543
658
7
2
157
758
2078
14900
2587
508
168
628
1219
59
263
351
339
272
564
2902
627
1483
3672
5328
359
264
43
21564
6474
222
357
9591
72
3681
2297
171
106
2664
4942
610
4007
396
119
88
7606
361
7926
3450
981
15325
1467
231
370
495
1237
2022
6578
870
106
48
390
1392
26940
328
1514
840
564
4793
119
622
42
547
318
1120
1155
2430
114
1325
957
15832
20
9719
2943
38
530
1654
306
16244
662
489
3985
1211
11913
186
401
467
456
1889
414
1248
710
451
93
64
542
10188
3596
1859
547
3089
684
769
366
7538
1869
1033
37550
960
1952
39
188
29813
34
1419
236
374
1052
98
108
94
68
1674
382
2812
164
11441
97
7093
780
337
112174
13
105
400
1022
1632
621
850
50
3530
1160
406
643
1826
567
4095
180
4924
121
1129
3
376
488
13
576
2456
1328
2957
1212
1563
583
12
236350
27
583
1328
26
1354
15
2823
120
185
239
1352
70
123
297
297
1247
335
3097
154
260
33
116
9285
519
299
1817
236
417
1198
6525
159
2220
86
1183
194
1696
266
538
352
352
701
2192
2114
9089
1126
162
1395
159
448
269
994
158
508
37
1103
410
2488
258
145
208
664
1145
22
307
478
971
1248
230
423
260
288
1007
28
2879
848
37
716
175
508
268
1185
2235
96
289
329
70
374
250
70
6799
309
54
540
10789
169
998
812
1627
13
152
768
280
415
34
99
1198
348
2543
9419
175
578
616
3389
118
5
2316
10993
27
1834
251
402
642
635
12320
4154
418
1924
304
1502
55
288
653
384
1511
1861
441
5683
123
415
238
4078
116
193
90
153
255
419
374
120
58
176
6054
1115
97
1566
1063
5125
223
530
255
3543
284
1070
1435
446
211
121
241
3063
1616
561
1542
82
561
27
825
234
801
1293
1050
379
44
256
1190
66
1811
219
245
467
401
296
1404
1166
1009
45
640
1271
2247
372
565
96
212
232
3695
62
1601
620
725
137
6177
348
315
116
60
154
496
279
7715
224
48
25
1892
166
267
9391
244
1241
162
42
29
324
94
4491
112
64
141
55
987
17
14317
136
2492
401
3757
2448
48
2177
7506
1975
518
76061
136
1450
131
873
633
316
139
118
9
1794
295
101
92
168
115
3408
4101
122
82
326
175
936
647
192
986
273
140
49
1757
311
1555
105
1522
187
358
4164
175
157
215
555
1643
82
17
312
527
190
70
239
395
611
200
5067
453
780
461
217
34
3737
528
1397
1792
86
253
117
111
20
670
834
987
5347
32
879
75
9496
35
230
32
5491
889
2150
13
224
3136
416
16
674
459030
1637
8687
136
802
303
410
988
479
230
2519
973
418
472
6842
76
2739
256
674
324
706
115
138
924
1339
1205
84
692
3077
890
2889
998
0
108
309
408
3099
3736
40
185
418
445
241
574
0
61
1075
16
242
6595
504
413
3054
233
624
731
39
1796
291
50
132
6551
208
2068
419
64
866
7742
352
248
396
41
122
501
1079
755
96
390
36
1144
1659
98
54
877
965
32
182
11
96
126
1470
46
2545
18602
1541
1311
663
25
53
1648
225
2731
134
3138
6289
275
1061
109
5948
125
357
172
1674
574
1115
686
3539
84
642
9
994
242
1036
1148
363
131
9223
673
75
6082
973
861
129
3142
66
2608
355
1246
2867
207
326
256
114
25847
134
4943
64
367
313
1884
382
32
247
3235
470
113
502
661
5024
699
1211
150
49
25
3008
254
484
226
4584
71
294
111
417
46622
43
229
1603
4110
892
83
4938
1577
1033
1010
467
468
45
1494
148
1345
40
1478
29
27
162
2423
758
7671
121
25
605
3930
56
454
1894
160
719
106
103
152
482
64
115
280012
2107
432
586
1040
90
478
2069
7039
2421
497
272
1895
327
700
840
2409
12775
341
328
2400
172
6775
369
368
531
597
111
1128
492
199
751
1736
1397
226
1705
13070
1247
184
633
256083
4683
626
115
219
118
23
1782
10
556
270
142
66
290
1053
353
1713
1251
3393
263
192
200
62
492
458
393
4112
57
175
16333
7193
2505
464124
67
739
31
878
247
1297
685
453
1522
1229
1947
1677
230
1377
16334
486
1444
690
652
93
1741
1123
904
331
791
363
33
1854
906
1609
390
350
1340
827
27
639
40
585
360
1664
208
50
69
114
266
109
1484
38
868
316
120
44
359
2010
485
393
16717
1294
25656
256
863
260
1432
17916
44
1837
388
317
114
2436
1938
46258
3485
108
843
36999
153
529
10594
295
1920
108
603
306
216
2187
890
1139
7411
520
53
8641
2886
2945
59
69
766
222
672
84
610
1348
1628
1578
526
2615
1352
184
1148
378
430
3650
7376
184
224
3778
735
5859
271
856
685
57
631
429
47
162281
3210
64
231
545
461
14
889
16145
202
3340
20
469
30051
2612
276
125
46
4627
556
284
579
84
1365
116
2654
41
134
175
154
367
65
23
137
1412
3240
14
751158
54
87
1
613
132
215
34244
620
767
1006
0
31063
236
23
1440
1553
142
179
309
910
335
428
1812
1321
1224
2741
87
726
164
15
278
107
544
917
296
124
280
242
71
2087
2437
106
280
513
90270
441
34
2196
722
760
47
939
131
14547
1063
134
462
573
297
1167
182
766
132
2677
79
179
585
160
993
773
327
1523
158
1199
30545
451
1340
510
462
165
10678
87
8415
28602
259
2945
204
138672
992
832
548
766
8308
1096
18352
966
301
5351
32508
49
117
29664
403
467
124
6827
138
23628
155
101
259
1687
520
3927
162
1832
738
167
34
687
350
1183
15273
50
1321
1709
71513
3947
681
649
1280
782
1375
328
1317
2596
35036
2066
169
709
565
575
276
4403
646
1263
1626
525
1856
9013
509
25197
681
963
30
536
1799
323
380
33
223
938
32
3336
250
200
232
870
513
545
172
860
250
30349
83
526
3289
446
725
641
89
425
360
28
18
1349
181
619
394
21
1397
35
487
38
7751
191
479
0
1336
5404
522
4080
174
1174
172
505
1275
158
750
264
92
557
383
20
97
22637
409
863
642
4599
5614
21
42
229
2301
423
3731
1837
5830
522
502
95
551
58
13265
222
776
0
483
836
149
2320
8547
14
1973
827
48
1798
866
1851
4903
3782
59
217
7943
37
15899
47
1603
1177
2449
85
976
2304
464
2570
6393
2030
952
549
211
61
298
371
754
192
5911
2143
3268
1046
144632
5280
1295
4691
541
3772
188
1
2369
237
487
113
478
7921
297
18261
668
193
3060
1399
484
3
129
379
612
539
137
47
524
303
2206
1155
15
2179
1727
221
248
11459
548
2410
232
6686
190
3002
1103
478
1294
1024
1481
1659
528
4316
9941
1873
348
318
121
932
546
1709
1227
485
287
108
175
11
764
203
286
680
18434
535
2296
1712
23
1663
121
81
2459
628
159
1178
3632
403
500
3641
1048
660
193
2308
243
542
1505
197
5448
816
404
1337
302
697
275
2793
1996
234
112
288
297
1155
6411
60
29637
1066
135
6617
201
94
290
1267
263
857
915
0
119
555
74
86
245
69
2006
50
126
601
1835
419
11442
6974
1624
23
232
25
655
65
1996
2382
514
152
12
1320
191
49
216
172
671
449
855
139
257
17207
909
706
417
71
118
61
23210
978
254
1158
993
71
1008
39
2730
19216
465
315
1584
201
310
661
90
644
206
32
313
349
22
43
17
3284
16741
325
70
18837
295
235
109
6
143905
130
6001
822
237
206553
1124
3188
2561
1606
193
2598
1910
112
1428
19
133
359
204
559
127
119
9964
658
129
3261
132
165
164
86
1480
2649
9314
605
404
994
6064
1259
1597
68
935
660
2428
301
410
4055
2115
487
214
27
11
238
1759
554
19
0
803
1531
2518
85
557
72
155
1913
37
156
284
301
1945
18863
1252
838
6576
403
4261
8752
376
1261
252
5685
92
116
18921
1801
848
269
936
690
4
795
477
2724
940
2585
80
16404
1777
489
63
11740
2699
3102
133
178
1123
2369
524
82
171
366
13
1670
41
118
9902
154
358
1109
69
895
16
399
1342
275
3280
1613
257
336
1901
3324
383
846
12
55
50283
710
6896
673
596
3317
3983
469
861
1546
252
395
7482
1
318
14
161
392
120
454
171
55
2898
140
682
10141
55
579
4034
1579
168
391
517
248
17761
605
2000
187
1056
1481
143
107
484
8479
251
1013
9976
94
65
828
394
744
846
317
209
444
1772
88
2182
31
8
1884
790
337
247
321
29
647
1615
357
124
13729
2401
873
1601
0
352
107
584
358
35
277
3590
360
22723
670
502
146
583
660
372
194
45
58
20
172
170
1162
65
99
339
5355
132
1233
625
598
379
667
338
2331
196262
481
353
1250
2507
102
76
550
52
168
256
98
39
75
2875
318
1090
15727
29552
77
1485
64
91
1521
366
355
21999
81
339
200
5643
606
12125
1178
1082
6547
333
2533
79
809
135
1684
545
15912
6453
557
55
430
529
4144
973
2580
17
159
3833
248
138
1635
2725
1594
2362
1722
5310
2687
570
274
188
1014
33
175
449
2095
559
70808
658
202
34
4598
50
912
544
537
190
734
1533
41836
1952
20
139
2189
718
243
215
314
120
429
119
177
3722
380
5088
2074
49
2792
3203
376
138
569
149
748
733
420
386
545
1037
8030
1553
1410
244
1290
22
422
989
16
2543
5
230
973
2515
199
2284
1887
239
441
3375
1569
1170
620
316
384
674
22
8532
3707
430
0
873
104
620
197
158
291
423
5470
404
3867
467
33
12262
648
38
721
3423
86
1141
55718
104
1795
29
589
870
4078
1313
347
1373
167
3
1601
450
126
905
4138
1609
943
4658
3924
187
561
515
125
14
326
938
1048
922
1221
1563
85
451
46
51
365
986
354
786
3429
1128
2052
92
2537
684
1559
377
1497
253
3108
45
596
10607
160
36657
233
118
656
2577
571
2664
904
358
939
1022
23
120449
1707
252
140
2708
369
1180
2114
9561
31
1160
525
760
662
3644
27476
59
1402
200
2062
1489
536
479
825
65
3266
1081
22
39
107
346
348
843
30806
1138
234
83
1895
347
110
1342
962
88
1336
380
2048
1291
9170
299
618
171
269
801
2856
655
99
39
2561
1939
25465
11303
27132
19
5344
473
360
497
680
354
949
163
1020
213
293
2095
956
177
251
126
705
469
1047
109
232
303
1102
744
76
239
1567
5312
1955
257
5013
1647
2678
2304
1394
248
97
2076
1012
914
46
151
273
627
258
488
513147
106
271
13862
38244
366
1349132
28
1359
86
175
504
267
32
191
543
1116
237464
181
702
325
2687
221
468
1268
1003
1105
1163
132
0
541
162927
68
465
717
666
441
1102
257
140
110
843
325
305
491
902
489
1869
739
111
101
55
1631
1146
1904
714
138
770
4008
82
420
114
543
531
524
214
40
948
236
415
1208
2788
1926
807
758
185
1576
55
657
731
546
143
1915
681
84
1910
636
69
2314
393
178
1253
509
193
5652
5480
538
789
75
388
725
426
176
301
328
301313
7
254
5332
577
6464
298
151
691
18
902
5390
92
518
1683
88
4443
466
3310
5333
381
1148
4499
414
1413
81
1565
321
12149
238
4999
15794
21103
200
96
5861
496
676
6490
2110
567
2274
668
637
10249
390
1958
851
336
149
6457
2536
845
551
59
2353
418
2725
372
619
329
94
235127
179
708
7162
2484
1337
4855
412
131
895
1026
842
4322
304
50
73
185
106
325
1005
107
563
90
275
559
1875
285
75
74
146
95
5264
313
295
1898
60
109
150
679
438
1781
654
2176
1314
12351
1446
150
701
14
1553
228
4634
9197
9689
77
178
1733
1723
701
959
46
362
169
298
341
378
143
629
4187
3116
18826
2881
1325
276
26
1202
399
1109
6685
586
1219
257
66
675
1339
589
11592
760
208
424
100
545
185
682
92
375
2385
2100
2261
397
241
496
40
174
614
85
295
3694
4077
329
747
4155
1425
142
2262
35417
536
6593
867
669
285
23
462
3109
678
444
243
42
3774
131
2089
218
717
4550
1644
524
14
6490
122
156
31
799
440
2043
45
104
21
21
5010
2154
108
515
201
392
215
295
12174
283
8
951
3838
436
2289
601
441
2253
279
0
1991
805
2510
33
26
69454
1328
2
726
1566
468
6050
603
1157
129
114
412
115
21
1138
16970
784
1056
163
2573
1052
532
1839
1574
212
7046
119
1560
81
3882
53
178
2354
5546
30121
1083
3612
525
153
239
117
301
361
239
45
563
350
20
441
301
121
68
337
57
72
768
3553
139
19
4748
183
540
5719
132
4744
1229
293
73
573
4342
73
1282
393
36044
585
378
411
2300
152
3491
80
69
1826
401
3166
633
31
25
1557
788
916
586
191
126
240
1482
123
185712
14492
261
252
220
304
481
150
66
1558
41
54
94
407
453
1535
155
317
9335
1330
6352
892
555
2029
412
231
55
177
1097
293909
37
166
2812
402
298
1106
595
518
303
4809
32
1387
383
1231
1090
5949
2024
782
2818
658
551
865
225
388
949
252
240
3696
639
1326
92
899
6396
259
947
698
2205
0
4123
7480
100
88
1747
145
406
824
46
835
50
377
257
7737
9622
2710
92
1939
216
2068
92
224
78
512
258
94
72
236
45
361
81
3843
2756
29
562
147
34
1353
38
589
948
523
1220
531
79
3004
1362
325
2324
286
1227
255
167
2723
44
4052
994
564
1082
380
618
69
3439
1230
45
541
13
325
1088
71
8725
144
117
2760
3435
3159
1254
2271
146
663
465
537
100
7264
586
84
1448
1112
350
104
0
1504
342
131
176
289
40
170
55
147
593
177
95
564
25
398
536
42
57
444
77
722
2406
1165
1352
313
251
906
4
535
37
17427
1685
298
50
516
4
333
224
224
163
918
6
1464
1520
1561
11
1421
666
114
127
73
370
390
418
1615
149
159
11880
48
179
180
268
1695
12
541
126
0
9782
48355
222
437
554
125
1448
970
105
177
306
383
653
216
1856
1083
284
325
222
432
10
1107
604
54
31911
329
1679
375
62
193
228
201
304
88
769
596
805
674
24
6047
3052
1063
31256
439
1190
0
6596
674
3687
4301
1481
591
232
121
242
1705
198
1650
534
338
397
322
445
537
29452
258
643
522
3147
28
0
1075
104
694
113
357
4619
1203
138
183
530
633
159
3451
302
437
775
46
115
250
1180
5355
208
2854
818
10
840
533
1027
166
495
1958
717
457
0
1134
699
539
0
307
817
2
288
121
54
225
85
1282
560
12455
1204
2857
2397
733
1950
8
414
916
472
2176
61
664
0
1847
485
502
8879
797
122
47
2381
539
292
179
388
34
130
491
46
2193
327
27657
112
365
257
405
529
50653
284
10
250
239
13596
255
410
119
503
493
105
11734
2973
1010
693
129
76
3201
1247
423
73824
373
515
803
2303
6762
277
12916
7271
690
20
52
3082
67
247
14324
190
1030
1495
250
48
672
232
2044
24
107
1422
597
633
149
10469
16
22
354
128
115
274
1541
136
17690
400
240
774
431
1069
5350
2775
3262
3093
384
299
120
1484
232
2301
0
130
74
2603
68
1666
17
261
1220
398
1540
51
150
470
44
1400
297
290
70
3322
113397
232342
731
125
839
244
131
701
332
184
565
735
187
746
223
324
355
58
550
2381
524
6090
81
1208
204
21
134
27
17
441
269
89
389
1432
565
0
92
541
111724
442
0
1071
801
358
864
5728
506
119
304
176
106
775
753
167
687
156
1388
1806
6361
505
160
955
2233
101691
772
109
44
1003
1248
194
153380
236
62483
633
114
93
1283
23
503
10
187
1883
42
1721
167
2367
278
208
584
117
17
5197
1962
5031
253
1640
76
4387
237
174
187
1117
340
1613
2440
499
306
69
1707
9829
14841
1219
430
10
4993
5001
36
159
464
5531
1501
314
41
528
195
559
3808
363
356
256
1605
187
3180
309
5694
0
12872
338
2869
3546
3308
198
433
92
19962
90
3653
99
457
2426
311
110
3262
396
200
713
517
6
3944
127
14206
146
295
269
205
126
4280
27
18
54
3539
256
278
121
27
29
28
73
4930
237
154
152
1263
492
164
211
97806
4915
818
2511
97
44
1418
199567
502
20
2862
834
3685
3814
211
58
269
98
250
52
830
42214
10774
336
115
214
3341
3717
125
361
110
1429
1347
16802
10
445
5032
733
189
342
955
164
65
766
209
4901
346
523
597
257
436
1152
4108
8549
94
465
646
204
2855
482
16
386
763
485
2139
1095
7
375
334
1136
3267
27
241
2535
96878
257
1379
385
406
36
391
766
144
171
30
156771
651
4136
386
1011
639
95
349
1940
152
131039
56
445
23
5054
9491
2068
116
1476
218
830
643
482
6079
882
203
136
219
2317
84
371
486
4021
334
751
673
246
120
1875
1900
513
46329
1205
1620
151
474
215
7371
273
290
15
105
35516
277
197
135
5255
3288
1070
625
1308
401
102
2483
276
1090
139
209
919
286
167
94
39
806
33
4
1141
385
200
258
58141
420
492
10824
4746
3161
207
590
2201
409
808
46
644
78
1896
704
874
21058
0
495
9530
801
252
158
173
1610
598
1302
2460
4900
448
944
140
16023
239
54
71
495
488
309
230
106
